# Written by the BoltzWann module of the Wannier90 code.
# [Electrical conductivity in SI units, i.e. in 1/Ohm/m]
# Mu(eV) Temp(K) ElCond_xx ElCond_xy ElCond_yy ElCond_xz ElCond_yz ElCond_zz
   5.781600000      0.1000000000       1.313716823     -0.2661612175E-03  0.2209483080      0.8208260751E-04 -0.4458278898E-05  0.3470105238E-01
   5.781600000       50.10000000       4450779.738      -237.9554673       785651.9735       330.3946193       4.902790066       119069.6012    
   5.781600000       100.1000000       4344636.757      -183.3529841       789004.6505       346.4103036       4.746154857       118305.5468    
   5.781600000       150.1000000       4320539.932      -172.2340702       791033.5984       354.2104023       6.966360299       117513.0363    
   5.781600000       200.1000000       4314244.703      -167.5621045       792588.3255       357.6670735       10.98405303       116735.0330    
   5.781600000       250.1000000       4310959.447      -165.0862011       793816.6984       359.1099589       15.47389936       116009.0293    
   5.781600000       300.1000000       4309387.318      -163.2675047       794913.9673       359.2479120       19.67040101       115395.2812    
   6.281600000      0.1000000000       1.120222252     -0.8741971797E-03  0.4215977205     -0.3302770009E-04 -0.1292322002E-04  0.1131143918E-01
   6.281600000       50.10000000       3685164.462      0.7517420557       1408945.827      -102.5282170      -53.44307197       38803.56614    
   6.281600000       100.1000000       3767171.985       67.43277338       1400189.629      -92.23128635      -54.84455922       38559.26621    
   6.281600000       150.1000000       3861416.125       65.05953587       1393353.030      -86.07269616      -52.77510885       38582.31513    
   6.281600000       200.1000000       3904156.969       61.34884414       1384527.524      -84.24025597      -50.45327123       38727.78541    
   6.281600000       250.1000000       3920345.177       58.26916609       1373978.467      -84.84351834      -48.71461693       38962.06322    
   6.281600000       300.1000000       3926349.733       55.60499232       1362238.519      -86.62390397      -47.68143928       39296.56745    
   6.781600000      0.1000000000      0.4106594286     -0.1593742605E-03  0.3129115040     -0.6549874909E-06  0.2432760312E-05  0.2064917256E-01
   6.781600000       50.10000000       1398055.256       62.91990023       1040150.852       92.77631317       5.967237338       72339.78372    
   6.781600000       100.1000000       1390731.258       51.02084495       1035685.293       174.4969829       9.899089583       73435.45618    
   6.781600000       150.1000000       1398815.756       41.91938065       1033769.974       241.1149505       13.93675092       74597.99857    
   6.781600000       200.1000000       1408429.127       41.84685124       1031700.348       295.6030000       17.16399538       75624.18284    
   6.781600000       250.1000000       1416855.655       47.03947312       1028461.135       340.5677941       19.93659318       76413.05655    
   6.781600000       300.1000000       1424854.901       54.80836414       1023975.253       378.4040031       22.90387306       76962.26437    
   7.281600000      0.1000000000      0.6607695867     -0.1829222781E-03  0.2034118856      0.3361280524E-03 -0.4996370959E-05  0.5483559703E-01
   7.281600000       50.10000000       2215753.860      -70.69445574       679013.7707       1348.457156       5.012752235       190923.7833    
   7.281600000       100.1000000       2207943.892      -47.99749705       683036.1165       1330.967800       44.00548354       192093.6097    
   7.281600000       150.1000000       2215594.857      -39.75705088       688464.2437       1321.285488       70.89356301       192860.6135    
   7.281600000       200.1000000       2222701.141      -32.17312173       693154.1640       1315.794223       87.22057430       193016.4409    
   7.281600000       250.1000000       2228312.031      -25.52893386       696838.4888       1308.960690       96.07649840       192544.8906    
   7.281600000       300.1000000       2233394.024      -20.13123826       699534.5926       1298.184544       100.1273937       191491.8737    
   7.781600000      0.1000000000      0.6946207639     -0.1178625067E-03  0.1742958859     -0.3021218592E-03  0.1247682634E-04  0.4310307013E-01
   7.781600000       50.10000000       2460665.482      -66.19802567       612381.9693      -1025.701373       50.78450942       148079.6317    
   7.781600000       100.1000000       2471116.110      -80.97260291       611703.7340      -1027.603723       57.85761592       147498.3893    
   7.781600000       150.1000000       2471397.893      -79.70275690       611791.5020      -1044.013264       63.25870585       146672.8531    
   7.781600000       200.1000000       2470117.659      -76.92108502       613157.6051      -1059.051881       67.40462428       145470.2152    
   7.781600000       250.1000000       2468906.425      -74.41223558       615696.8845      -1067.875899       70.47906652       144110.5137    
   7.781600000       300.1000000       2467892.540      -72.52221388       619281.7572      -1070.204184       72.79598970       142770.3584    
   8.281600000      0.1000000000      0.3023559320     -0.1294783798E-03  0.3320787619     -0.4714049601E-04  0.1174376668E-05  0.3390674995E-01
   8.281600000       50.10000000       1053701.600      -42.46451331       1188297.603      -167.8161215       12.16668139       117972.5817    
   8.281600000       100.1000000       1101382.564     -0.3087535536       1200555.380      -172.2517425       13.93943779       118169.1728    
   8.281600000       150.1000000       1132213.854       2.288723931       1198759.496      -173.6415598       14.36667563       118269.2398    
   8.281600000       200.1000000       1146072.619       3.144769913       1195175.299      -172.9688666       14.05628268       118330.3627    
   8.281600000       250.1000000       1151573.148       4.102500669       1190510.730      -171.1158271       13.39829050       118393.5249    
   8.281600000       300.1000000       1153795.249       5.200468714       1184784.618      -168.2862685       12.64114777       118454.8002    
   8.781600000      0.1000000000      0.6629521157E-01  0.1040716932E-03  0.6119689204E-01  0.1700899202E-04 -0.2484727887E-05  0.4507775463E-02
   8.781600000       50.10000000       220758.5077       17.62055786       216614.4813       68.04312680      -11.70524861       15771.42391    
   8.781600000       100.1000000       225635.7573       11.58355932       217399.9587       68.75908424      -9.597079381       15857.26489    
   8.781600000       150.1000000       228870.0976       11.04402440       219224.0030       68.62090860      -6.147050576       15915.11649    
   8.781600000       200.1000000       233071.4732       10.46852233       221992.0234       68.21959509      -2.668098443       15945.12658    
   8.781600000       250.1000000       239409.5146       10.06314109       225541.8693       67.33341208      0.3568067624       15956.62425    
   8.781600000       300.1000000       247750.5698       9.782525203       229740.6087       65.95663752       2.827862735       15968.28767    
   9.281600000      0.1000000000      0.5641689305      0.2085687533E-04  0.9303369790E-01 -0.2246159798E-04  0.6552193343E-05  0.1148579788E-01
   9.281600000       50.10000000       2266224.575      -67.29173660       318731.3494      -68.55761361       27.95336323       39535.34690    
   9.281600000       100.1000000       2286503.045      -59.07240571       316337.5105      -61.41862113       28.69620730       39109.90797    
   9.281600000       150.1000000       2232131.710      -51.15112406       313735.3691      -60.11048066       29.26462550       38926.02595    
   9.281600000       200.1000000       2194334.053      -46.16425759       310976.6244      -62.71081325       30.71001452       38963.70305    
   9.281600000       250.1000000       2170816.692      -42.95027330       308491.3138      -65.88176294       32.35058822       39114.73366    
   9.281600000       300.1000000       2154043.176      -40.77553025       306492.4426      -68.00830041       33.73607939       39301.74382    
   9.781600000      0.1000000000      0.4403556053      0.1013745369E-03  0.1532596582      0.1598856425E-04  0.5601189161E-05  0.4248815537E-02
   9.781600000       50.10000000       1561578.163       72.75369241       581313.7450       52.33725672       29.41597126       14348.06619    
   9.781600000       100.1000000       1580572.243       29.29859719       588516.1239       48.15672908       36.09789197       13967.60395    
   9.781600000       150.1000000       1596505.037       26.49681922       588185.2795       45.97326176       36.92115108       13905.42776    
   9.781600000       200.1000000       1605263.682       26.50460335       587477.8892       44.89621396       36.23523617       13961.76699    
   9.781600000       250.1000000       1610253.317       26.63288560       586619.8860       43.94409557       35.34125774       14066.46529    
   9.781600000       300.1000000       1613990.341       26.76510265       585565.7622       42.81992830       34.52281169       14205.99709    
   10.28160000      0.1000000000      0.1183368102     -0.3190816043E-05  0.2760246432E-01  0.7181679715E-04  0.3024430284E-04  0.4049643772E-01
   10.28160000       50.10000000       417797.0511      -12.48886825       96671.15362       137.0628896       103.7568295       140509.8410    
   10.28160000       100.1000000       423652.9372      -13.66379964       104476.0050       123.8053553       109.6913483       139751.4710    
   10.28160000       150.1000000       433164.2180      -12.71369122       114242.2814       120.0551042       115.6334756       139383.7142    
   10.28160000       200.1000000       445293.8818      -13.04112704       124864.5942       120.1794790       119.9358632       139695.9782    
   10.28160000       250.1000000       459407.6598      -14.25092117       135655.2803       121.1443574       122.2821144       140489.3527    
   10.28160000       300.1000000       474851.9809      -15.70295473       146254.8438       121.1719252       123.0700246       141515.6364    
   10.78160000      0.1000000000      0.5548308042      0.3152832122E-04  0.1234832405      0.7082745032E-03  0.1611060982E-04  0.7145692496E-01
   10.78160000       50.10000000       1900251.576       286.0672659       425393.2945       2435.036919       67.87526459       248728.6256    
   10.78160000       100.1000000       1861175.123       262.1890540       426326.4232       2619.120046       76.10827742       249359.4038    
   10.78160000       150.1000000       1832627.642       233.0417701       427420.5030       2718.859643       64.92154046       249363.6448    
   10.78160000       200.1000000       1802560.053       208.3737152       427716.4745       2691.395936       44.63652108       248427.6765    
   10.78160000       250.1000000       1768918.970       188.5481787       427088.3217       2583.005313       23.86749958       246713.3551    
   10.78160000       300.1000000       1733128.196       172.7738090       425730.9269       2439.585599       6.229116899       244511.7040    
   11.28160000      0.1000000000      0.5143962313     -0.3768599701E-03  0.1296927141     -0.3354969668E-03  0.4331215702E-04  0.5926366536E-01
   11.28160000       50.10000000       1730024.674      -96.30486503       465588.1989      -1072.303763       147.1790327       203995.4660    
   11.28160000       100.1000000       1685316.095      -75.47891437       469248.5786      -1089.439499       138.0267879       203736.9834    
   11.28160000       150.1000000       1672766.896      -72.17510943       474351.2809      -1147.954857       129.4293758       205392.9514    
   11.28160000       200.1000000       1671491.740      -66.64100282       480733.6961      -1202.409100       122.2927758       207450.4641    
   11.28160000       250.1000000       1674428.258      -58.06544712       487407.2076      -1235.712573       116.5970787       209091.6646    
   11.28160000       300.1000000       1679064.141      -47.50414362       493697.0754      -1245.398774       111.5217936       210018.5403    
   5.78160000      0.100000001       1.31371677      -2.66161223E-04  0.220948309       8.20826099E-05  -4.45827891E-06   3.47010531E-02
   5.78160000       50.0999985       4450779.50      -237.955475       785652.000       330.394623       4.90279007       119069.602    
   5.78160000       100.099998       4344637.00      -183.352982       789004.625       346.410309       4.74615479       118305.547    
   5.78160000       150.100006       4320540.00      -172.234070       791033.625       354.210388       6.96636009       117513.039    
   5.78160000       200.100006       4314244.50      -167.562103       792588.312       357.667084       10.9840527       116735.031    
   5.78160000       250.100006       4310959.50      -165.086197       793816.688       359.109955       15.4738989       116009.031    
   5.78160000       300.100006       4309387.50      -163.267502       794913.938       359.247925       19.6704006       115395.281    
   6.28160000      0.100000001       1.12022221      -8.74197169E-04  0.421597719      -3.30276998E-05  -1.29232203E-05   1.13114389E-02
   6.28160000       50.0999985       3685164.50      0.751742065       1408945.88      -102.528214      -53.4430733       38803.5664    
   6.28160000       100.099998       3767172.00       67.4327698       1400189.62      -92.2312851      -54.8445587       38559.2656    
   6.28160000       150.100006       3861416.00       65.0595322       1393353.00      -86.0726929      -52.7751083       38582.3164    
   6.28160000       200.100006       3904157.00       61.3488426       1384527.50      -84.2402573      -50.4532700       38727.7852    
   6.28160000       250.100006       3920345.25       58.2691650       1373978.50      -84.8435211      -48.7146187       38962.0625    
   6.28160000       300.100006       3926349.75       55.6049919       1362238.50      -86.6239014      -47.6814384       39296.5664    
   6.78160000      0.100000001      0.410659432      -1.59374264E-04  0.312911510      -6.54987502E-07   2.43276031E-06   2.06491724E-02
   6.78160000       50.0999985       1398055.25       62.9198990       1040150.88       92.7763138       5.96723747       72339.7812    
   6.78160000       100.099998       1390731.25       51.0208435       1035685.31       174.496979       9.89908981       73435.4531    
   6.78160000       150.100006       1398815.75       41.9193802       1033770.00       241.114944       13.9367514       74598.0000    
   6.78160000       200.100006       1408429.12       41.8468513       1031700.38       295.602997       17.1639957       75624.1797    
   6.78160000       250.100006       1416855.62       47.0394745       1028461.12       340.567780       19.9365940       76413.0547    
   6.78160000       300.100006       1424854.88       54.8083649       1023975.25       378.403992       22.9038734       76962.2656    
   7.28160000      0.100000001      0.660769582      -1.82922275E-04  0.203411892       3.36128054E-04  -4.99637099E-06   5.48355952E-02
   7.28160000       50.0999985       2215753.75      -70.6944580       679013.750       1348.45715       5.01275206       190923.781    
   7.28160000       100.099998       2207944.00      -47.9974976       683036.125       1330.96777       44.0054817       192093.609    
   7.28160000       150.100006       2215594.75      -39.7570496       688464.250       1321.28552       70.8935623       192860.609    
   7.28160000       200.100006       2222701.25      -32.1731224       693154.188       1315.79419       87.2205734       193016.438    
   7.28160000       250.100006       2228312.00      -25.5289345       696838.500       1308.96069       96.0764999       192544.891    
   7.28160000       300.100006       2233394.00      -20.1312389       699534.562       1298.18457       100.127396       191491.875    
   7.78160000      0.100000001      0.694620788      -1.17862510E-04  0.174295887      -3.02121858E-04   1.24768267E-05   4.31030691E-02
   7.78160000       50.0999985       2460665.50      -66.1980286       612382.000      -1025.70142       50.7845078       148079.625    
   7.78160000       100.099998       2471116.00      -80.9726028       611703.750      -1027.60376       57.8576164       147498.391    
   7.78160000       150.100006       2471398.00      -79.7027588       611791.500      -1044.01331       63.2587051       146672.859    
   7.78160000       200.100006       2470117.75      -76.9210815       613157.625      -1059.05188       67.4046249       145470.219    
   7.78160000       250.100006       2468906.50      -74.4122391       615696.875      -1067.87585       70.4790649       144110.516    
   7.78160000       300.100006       2467892.50      -72.5222168       619281.750      -1070.20422       72.7959900       142770.359    
   8.28160000      0.100000001      0.302355945      -1.29478387E-04  0.332078755      -4.71404965E-05   1.17437662E-06   3.39067504E-02
   8.28160000       50.0999985       1053701.62      -42.4645119       1188297.62      -167.816116       12.1666813       117972.578    
   8.28160000       100.099998       1101382.62     -0.308753550       1200555.38      -172.251740       13.9394379       118169.172    
   8.28160000       150.100006       1132213.88       2.28872395       1198759.50      -173.641556       14.3666754       118269.242    
   8.28160000       200.100006       1146072.62       3.14476991       1195175.25      -172.968872       14.0562830       118330.359    
   8.28160000       250.100006       1151573.12       4.10250044       1190510.75      -171.115829       13.3982906       118393.523    
   8.28160000       300.100006       1153795.25       5.20046854       1184784.62      -168.286270       12.6411476       118454.797    
   8.78160000      0.100000001       6.62952140E-02   1.04071696E-04   6.11968935E-02   1.70089916E-05  -2.48472793E-06   4.50777542E-03
   8.78160000       50.0999985       220758.500       17.6205578       216614.484       68.0431290      -11.7052488       15771.4238    
   8.78160000       100.099998       225635.750       11.5835590       217399.953       68.7590866      -9.59707928       15857.2646    
   8.78160000       150.100006       228870.094       11.0440245       219224.000       68.6209106      -6.14705038       15915.1162    
   8.78160000       200.100006       233071.469       10.4685221       221992.016       68.2195969      -2.66809845       15945.1270    
   8.78160000       250.100006       239409.516       10.0631409       225541.875       67.3334122      0.356806755       15956.6240    
   8.78160000       300.100006       247750.562       9.78252506       229740.609       65.9566345       2.82786274       15968.2881    
   9.28160000      0.100000001      0.564168930       2.08568745E-05   9.30337012E-02  -2.24615978E-05   6.55219355E-06   1.14857983E-02
   9.28160000       50.0999985       2266224.50      -67.2917328       318731.344      -68.5576172       27.9533634       39535.3477    
   9.28160000       100.099998       2286503.00      -59.0724068       316337.500      -61.4186211       28.6962070       39109.9062    
   9.28160000       150.100006       2232131.75      -51.1511230       313735.375      -60.1104813       29.2646255       38926.0273    
   9.28160000       200.100006       2194334.00      -46.1642570       310976.625      -62.7108116       30.7100143       38963.7031    
   9.28160000       250.100006       2170816.75      -42.9502716       308491.312      -65.8817596       32.3505898       39114.7344    
   9.28160000       300.100006       2154043.25      -40.7755318       306492.438      -68.0083008       33.7360802       39301.7422    
   9.78160000      0.100000001      0.440355599       1.01374535E-04  0.153259665       1.59885640E-05   5.60118906E-06   4.24881559E-03
   9.78160000       50.0999985       1561578.12       72.7536926       581313.750       52.3372574       29.4159718       14348.0664    
   9.78160000       100.099998       1580572.25       29.2985973       588516.125       48.1567307       36.0978928       13967.6035    
   9.78160000       150.100006       1596505.00       26.4968185       588185.250       45.9732628       36.9211502       13905.4277    
   9.78160000       200.100006       1605263.62       26.5046024       587477.875       44.8962135       36.2352371       13961.7666    
   9.78160000       250.100006       1610253.38       26.6328850       586619.875       43.9440956       35.3412590       14066.4648    
   9.78160000       300.100006       1613990.38       26.7651024       585565.750       42.8199272       34.5228119       14205.9971    
   10.2816000      0.100000001      0.118336812      -3.19081596E-06   2.76024640E-02   7.18167939E-05   3.02443023E-05   4.04964387E-02
   10.2816000       50.0999985       417797.062      -12.4888687       96671.1562       137.062897       103.756828       140509.844    
   10.2816000       100.099998       423652.938      -13.6637993       104476.008       123.805359       109.691345       139751.469    
   10.2816000       150.100006       433164.219      -12.7136908       114242.281       120.055107       115.633476       139383.719    
   10.2816000       200.100006       445293.875      -13.0411272       124864.594       120.179482       119.935860       139695.984    
   10.2816000       250.100006       459407.656      -14.2509212       135655.281       121.144356       122.282112       140489.359    
   10.2816000       300.100006       474851.969      -15.7029543       146254.844       121.171928       123.070023       141515.641    
   10.7816000      0.100000001      0.554830790       3.15283214E-05  0.123483241       7.08274485E-04   1.61106091E-05   7.14569241E-02
   10.7816000       50.0999985       1900251.62       286.067261       425393.281       2435.03687       67.8752670       248728.625    
   10.7816000       100.099998       1861175.12       262.189056       426326.438       2619.12012       76.1082764       249359.406    
   10.7816000       150.100006       1832627.62       233.041763       427420.500       2718.85962       64.9215393       249363.641    
   10.7816000       200.100006       1802560.00       208.373718       427716.469       2691.39600       44.6365204       248427.672    
   10.7816000       250.100006       1768919.00       188.548172       427088.312       2583.00537       23.8675003       246713.359    
   10.7816000       300.100006       1733128.25       172.773804       425730.938       2439.58569       6.22911692       244511.703    
   11.2816000      0.100000001      0.514396250      -3.76859971E-04  0.129692718      -3.35496967E-04   4.33121568E-05   5.92636652E-02
   11.2816000       50.0999985       1730024.62      -96.3048630       465588.188      -1072.30371       147.179031       203995.469    
   11.2816000       100.099998       1685316.12      -75.4789124       469248.594      -1089.43945       138.026794       203736.984    
   11.2816000       150.100006       1672766.88      -72.1751099       474351.281      -1147.95483       129.429382       205392.953    
   11.2816000       200.100006       1671491.75      -66.6410065       480733.688      -1202.40906       122.292778       207450.469    
   11.2816000       250.100006       1674428.25      -58.0654488       487407.219      -1235.71252       116.597076       209091.672    
   11.2816000       300.100006       1679064.12      -47.5041428       493697.062      -1245.39880       111.521797       210018.547    
